0.00246914
0.00996971
0.0302853
0.0919986
0.279467
0.848946
2.57887
7.83392
23.7973
17.9036
0.00996971
0.0199394
0.040255
0.122284
0.371466
1.12841
3.42782
10.4128
31.6313
23.7973
0.0302853
0.040255
0.0199394
0.040255
0.122284
0.371466
1.12841
3.42782
10.4128
7.83392
0.0919986
0.122284
0.040255
0.0199394
0.040255
0.122284
0.371466
1.12841
3.42782
2.57887
0.279467
0.371466
0.122284
0.040255
0.0199394
0.040255
0.122284
0.371466
1.12841
0.848946
0.848946
1.12841
0.371466
0.122284
0.040255
0.0199394
0.040255
0.122284
0.371466
0.279467
2.57887
3.42782
1.12841
0.371466
0.122284
0.040255
0.0199394
0.040255
0.122284
0.0919986
7.83392
10.4128
3.42782
1.12841
0.371466
0.122284
0.040255
0.0199394
0.040255
0.0302853
23.7973
31.6313
10.4128
3.42782
1.12841
0.371466
0.122284
0.040255
0.0199394
0.00996971
17.9036
23.7973
7.83392
2.57887
0.848946
0.279467
0.0919986
0.0302853
0.00996971
0.00246914
