0
3
6
9
12
15
18
21
24
27
30
33
36
39
42
45
48
51
54
57
60
63
66
69
72
75
78
81
84
87
90
93
96
99
102
105
108
111
114
117
120
123
126
129
132
135
138
141
144
151
158
165
172
178
184
189
194
200
206
212
218
223
229
235
240
245
252
258
264
269
276
281
288
294
299
306
312
317
322
327
332
339
345
352
358
365
371
378
384
391
398
405
412
418
424
430
436
441
447
452
458
463
469
474
480
487
493
500
506
513
519
526
532
538
544
550
555
560
565
570
576
583
590
597
604
611
618
625
631
636
641
646
651
658
664
671
677
684
690
697
703
708
713
718
723
728
734
741
746
752
759
764
770
777
782
788
795
801
806
812
818
824
830
835
841
847
853
859
864
870
876
882
888
893
899
905
911
916
921
926
931
938
943
949
956
961
967
974
979
985
992
997
1003
1008
1014
1020
1027
1033
1039
1046
1053
1059
1064
1070
1076
1083
1089
1095
1102
1109
1115
1120
1126
1132
1139
1145
1151
1158
1165
1171
1176
1182
1188
1195
1201
1207
1214
1221
1227
1232
1237
1242
1247
1253
1259
1265
1271
1277
1283
1287
1293
1300
1305
1310
1317
1323
1329
1336
1342
1348
1354
1360
1366
1373
1378
1384
1391
1397
1404
1410
1416
1421
1426
1432
1437
1443
1448
1453
1458
