28
43
60
28
62
106
62
118
287
61
78
118
61
234
282
282
284
323
213
261
284
229
261
308
44
99
308
44
68
82
68
87
96
69
73
87
35
73
77
35
52
108
52
122
297
24
51
122
51
236
292
292
294
329
209
249
294
221
249
304
1
33
304
23
27
33
15
23
26
22
26
29
22
30
40
40
76
104
76
114
277
3
71
114
71
232
272
272
274
317
207
243
274
217
243
302
8
92
302
8
17
18
14
17
54
10
13
14
10
25
91
25
75
102
75
110
267
49
74
110
74
230
262
262
264
311
211
255
264
225
255
306
45
55
306
55
56
65
9
56
59
59
60
63
10
13
38
41
86
91
142
22
29
30
31
70
85
146
11
12
43
60
63
80
150
34
57
69
73
77
94
154
47
48
93
113
143
159
13
14
38
47
54
93
25
46
86
91
102
7
30
31
40
104
2
20
84
117
147
163
2
15
26
29
84
85
5
6
90
121
151
167
5
9
59
63
80
90
11
28
43
88
106
66
97
98
125
155
171
57
66
69
87
96
98
34
35
42
77
108
17
18
48
54
93
8
18
48
92
159
241
303
103
111
126
134
269
347
105
115
128
175
279
365
15
20
23
27
84
1
20
27
33
163
247
305
6
9
56
65
90
6
45
55
65
167
253
307
107
119
130
178
289
383
66
68
82
96
97
44
82
97
99
171
259
309
109
123
132
177
299
401
41
46
86
111
126
7
31
70
115
128
11
12
88
119
130
34
42
94
123
132
46
75
102
111
210
267
269
127
145
182
315
351
407
7
76
104
115
206
277
279
129
149
184
321
369
409
62
88
106
119
212
287
289
131
153
186
327
387
411
42
52
108
123
208
297
299
133
157
188
333
405
413
19
41
103
126
127
142
315
70
100
105
128
129
146
321
12
95
107
130
131
150
327
64
94
109
132
133
154
333
19
113
127
135
143
145
100
117
129
137
147
149
95
121
131
139
151
153
64
125
133
141
155
157
19
38
47
142
143
4
16
116
144
161
238
2
85
100
146
147
36
101
124
148
165
244
5
80
95
150
151
67
138
152
169
174
250
57
64
98
154
155
72
156
173
179
181
256
4
21
113
135
159
161
241
16
135
145
161
182
350
32
36
117
137
163
165
247
101
137
149
165
184
368
50
67
121
139
167
169
253
139
153
169
174
186
386
72
83
125
141
171
173
259
141
157
173
179
188
404
183
190
194
198
349
416
176
185
200
367
427
441
187
202
385
415
419
439
204
403
463
464
466
16
116
198
349
350
101
124
200
367
368
138
174
202
385
386
179
181
189
204
403
404
214
363
366
425
429
432
476
218
399
402
436
449
482
484
222
345
348
430
434
438
472
226
381
384
456
458
462
480
116
144
183
198
199
214
425
124
148
185
200
201
218
449
138
152
187
202
203
222
438
156
181
189
205
226
462
215
318
357
360
362
219
330
393
396
398
223
312
339
342
344
227
324
375
378
380
144
158
199
215
238
356
362
158
239
240
316
352
356
148
162
201
219
244
392
398
162
245
246
328
388
392
152
166
203
223
250
338
344
166
251
252
310
334
338
156
170
205
227
256
374
380
170
257
258
322
370
374
231
263
266
268
336
233
273
276
278
354
235
283
286
288
372
237
293
296
298
390
4
21
158
238
239
21
39
239
240
241
303
39
207
217
240
242
243
316
32
36
162
244
245
32
89
245
246
247
305
89
209
221
246
248
249
328
50
67
166
250
251
50
81
251
252
253
307
81
211
225
252
254
255
310
72
83
170
256
257
58
83
257
258
259
309
58
213
229
258
260
261
322
49
53
74
230
263
268
53
230
262
311
340
49
110
210
263
266
267
210
231
266
269
271
347
112
195
224
231
271
336
0
3
71
232
273
278
0
232
272
317
358
3
114
206
273
276
277
206
233
276
279
281
365
136
191
216
233
281
354
61
78
79
234
283
288
79
234
282
323
376
78
118
212
283
286
287
212
235
286
289
291
383
120
197
228
235
291
372
24
37
51
236
293
298
37
236
292
329
394
24
122
208
293
296
297
208
237
296
299
301
401
140
193
220
237
301
390
39
92
217
302
303
1
89
221
304
305
45
81
225
306
307
58
99
229
308
309
211
254
264
311
313
335
340
265
313
335
337
341
270
314
343
345
346
472
207
242
274
317
319
353
358
275
319
353
355
359
280
320
361
363
364
476
213
260
284
323
325
371
376
285
325
371
373
377
290
326
379
381
382
480
209
248
294
329
331
389
394
295
331
389
391
395
300
332
397
399
400
482
254
310
334
335
337
112
224
265
312
339
341
223
265
334
337
338
339
53
224
268
313
336
340
341
112
195
270
312
342
343
203
222
270
342
344
345
134
195
271
343
346
347
406
160
314
346
351
406
407
422
160
182
194
349
350
351
242
316
352
353
355
136
216
275
318
357
359
215
275
352
355
356
357
0
216
278
319
354
358
359
136
191
280
318
360
361
199
214
280
360
362
363
175
191
281
361
364
365
408
164
320
364
369
408
409
474
164
176
184
367
368
369
260
322
370
371
373
120
228
285
324
375
377
227
285
370
373
374
375
79
228
288
325
372
376
377
120
197
290
324
378
379
205
226
290
378
380
381
178
197
291
379
382
383
410
168
326
382
387
410
411
478
168
186
385
386
387
415
248
328
388
389
391
140
220
295
330
393
395
219
295
388
391
392
393
37
220
298
331
390
394
395
140
193
300
330
396
397
201
218
300
396
398
399
177
193
301
397
400
401
412
172
180
332
400
405
412
413
172
188
403
404
405
466
103
134
315
406
407
105
175
321
408
409
107
178
327
410
411
109
177
333
412
413
348
417
423
424
430
473
192
366
429
444
475
477
384
442
450
456
479
481
196
402
436
465
467
483
160
190
194
422
423
473
190
416
417
423
428
433
431
452
461
471
183
416
421
425
432
433
417
424
428
431
435
452
470
192
421
429
432
437
414
424
430
434
435
421
428
433
437
446
454
470
187
414
419
434
438
453
192
426
437
444
445
446
419
439
442
443
447
453
479
420
427
441
444
445
475
420
426
445
448
468
485
185
420
441
448
449
484
451
455
457
459
460
469
414
435
443
452
453
461
426
440
446
454
455
460
468
442
447
450
457
459
418
450
451
456
458
459
440
443
447
457
460
461
471
189
204
418
458
462
463
196
418
451
463
464
467
469
172
180
464
466
467
483
196
455
465
468
469
485
431
440
454
470
471
314
348
422
472
473
164
176
427
474
475
477
320
366
474
476
477
168
415
439
478
479
481
326
384
478
480
481
180
332
402
482
483
436
448
465
484
485
