0.851902
0.852441
0.853375
0.854202
0.855055
0.8559
0.856744
0.857587
0.858429
0.859269
0.860108
0.860945
0.86178
0.862615
0.863447
0.864279
0.865108
0.865937
0.866763
0.867589
0.868412
0.869235
0.870056
0.870875
0.871693
0.872509
0.873324
0.874138
0.874949
0.87576
0.876569
0.877376
0.878182
0.878987
0.879789
0.880591
0.881391
0.882189
0.882986
0.883781
0.884575
0.885368
0.886158
0.886948
0.887736
0.888522
0.889307
0.89009
0.890871
0.891652
0.89243
0.893207
0.893983
0.894757
0.89553
0.896301
0.89707
0.897838
0.898605
0.899369
0.900133
0.900895
0.901655
0.902414
0.903171
0.903926
0.90468
0.905433
0.906184
0.906933
0.907681
0.908428
0.909172
0.909916
0.910657
0.911397
0.912136
0.912873
0.913608
0.914342
0.915075
0.915805
0.916534
0.917262
0.917988
0.918713
0.919435
0.920157
0.920877
0.921595
0.922311
0.923026
0.92374
0.924452
0.925162
0.925871
0.926578
0.927283
0.927987
0.928689
0.92939
0.930089
0.930787
0.931483
0.932177
0.93287
0.933561
0.934251
0.934939
0.935625
0.93631
0.936993
0.937675
0.938355
0.939033
0.93971
0.940385
0.941059
0.941731
0.942401
0.94307
0.943737
0.944403
0.945067
0.945729
0.94639
0.947049
0.947706
0.948362
0.949016
0.949669
0.95032
0.950969
0.951617
0.952263
0.952907
0.95355
0.954191
0.954831
0.955468
0.956105
0.956739
0.957372
0.958004
0.958633
0.959262
0.959888
0.960513
0.961136
0.961757
0.962377
0.962996
0.963612
0.964227
0.96484
0.965452
0.966062
0.96667
0.967277
0.967882
0.968485
0.969087
0.969687
0.970285
0.970882
0.971477
0.972071
0.972662
0.973252
0.973841
0.974428
0.975013
0.975596
0.976178
0.976758
0.977336
0.977913
0.978488
0.979062
0.979633
0.980203
0.980772
0.981338
0.981903
0.982467
0.983028
0.983588
0.984147
0.984703
0.985258
0.985811
0.986363
0.986913
0.987461
0.988007
0.988552
0.989095
0.989637
0.990176
0.990714
0.991251
0.991785
0.992318
0.992849
0.993379
0.993907
0.994433
0.994957
0.99548
0.996001
0.99652
0.997038
0.997554
0.998068
0.998581
0.999091
0.999601
1.00011
1.00061
1.00112
1.00162
1.00212
1.00262
1.00312
1.00361
1.00411
1.0046
1.00509
1.00558
1.00606
1.00655
1.00703
1.00751
1.00799
1.00847
1.00895
1.00942
1.0099
1.01037
1.01084
1.0113
1.01177
1.01223
1.0127
1.01316
1.01362
1.01407
1.01453
1.01498
1.01544
1.01589
1.01634
1.01678
1.01723
1.01767
1.01811
1.01855
1.01899
1.01943
1.01986
1.0203
1.02073
1.02116
1.02158
1.02201
1.02243
1.02286
1.02328
1.0237
1.02411
1.02453
1.02494
1.02536
1.02577
1.02618
1.02658
1.02699
1.02739
1.02779
1.02819
1.02859
1.02899
1.02938
1.02977
1.03016
1.03055
1.03094
1.03133
1.03171
1.03209
1.03247
1.03285
1.03323
1.0336
1.03398
1.03435
1.03472
1.03509
1.03545
1.03582
1.03618
1.03654
1.0369
1.03726
1.03761
1.03797
1.03832
1.03867
1.03902
1.03936
1.03971
1.04005
1.04039
1.04073
1.04107
1.04141
1.04174
1.04207
1.04241
1.04273
1.04306
1.04339
1.04371
1.04403
1.04435
1.04467
1.04499
1.0453
1.04561
1.04593
1.04623
1.04654
1.04685
1.04715
1.04745
1.04775
1.04805
1.04835
1.04864
1.04894
1.04923
1.04952
1.04981
1.05009
1.05038
1.05066
1.05094
1.05122
1.0515
1.05177
1.05204
1.05232
1.05259
1.05285
1.05312
1.05338
1.05365
1.05391
1.05417
1.05442
1.05468
1.05493
1.05518
1.05543
1.05568
1.05593
1.05617
1.05642
1.05666
1.0569
1.05713
1.05737
1.0576
1.05783
1.05807
1.05829
1.05852
1.05874
1.05897
1.05919
1.05941
1.05962
1.05984
1.06005
1.06027
1.06048
1.06068
1.06089
1.0611
1.0613
1.0615
1.0617
1.0619
1.06209
1.06229
1.06248
1.06267
1.06286
1.06304
1.06323
1.06341
1.06359
1.06377
1.06395
1.06412
1.0643
1.06447
1.06464
1.06481
1.06498
1.06514
1.0653
1.06546
1.06562
1.06578
1.06594
1.06609
1.06624
1.06639
1.06654
1.06669
1.06683
1.06697
1.06712
1.06725
1.06739
1.06753
1.06766
1.06779
1.06792
1.06805
1.06818
1.0683
1.06843
1.06855
1.06867
1.06878
1.0689
1.06901
1.06912
1.06923
1.06934
1.06945
1.06955
1.06966
1.06976
1.06985
1.06995
1.07005
1.07014
1.07023
1.07032
1.07041
1.0705
1.07058
1.07066
1.07074
1.07082
1.0709
1.07097
1.07105
1.07112
1.07119
1.07126
1.07132
1.07139
1.07145
1.07151
1.07157
1.07163
1.07168
1.07173
1.07179
1.07184
1.07188
1.07193
1.07197
1.07201
1.07206
1.07209
1.07213
1.07217
1.0722
1.07223
1.07226
1.07229
1.07231
1.07234
1.07236
1.07238
1.0724
1.07241
1.07243
1.07244
1.07245
1.07246
1.07247
1.07247
1.07248
1.07248
1.07248
1.07248
1.07247
1.07247
1.07246
1.07245
1.07244
1.07243
1.07241
1.0724
1.07238
1.07236
1.07234
1.07231
1.07229
1.07226
1.07223
1.0722
1.07217
1.07213
1.07209
1.07206
1.07201
1.07197
1.07193
1.07188
1.07184
1.07179
1.07173
1.07168
1.07163
1.07157
1.07151
1.07145
1.07139
1.07132
1.07126
1.07119
1.07112
1.07105
1.07097
1.0709
1.07082
1.07074
1.07066
1.07058
1.0705
1.07041
1.07032
1.07023
1.07014
1.07005
1.06995
1.06985
1.06976
1.06966
1.06955
1.06945
1.06934
1.06923
1.06912
1.06901
1.0689
1.06878
1.06867
1.06855
1.06843
1.0683
1.06818
1.06805
1.06792
1.06779
1.06766
1.06753
1.06739
1.06725
1.06712
1.06697
1.06683
1.06669
1.06654
1.06639
1.06624
1.06609
1.06594
1.06578
1.06562
1.06546
1.0653
1.06514
1.06498
1.06481
1.06464
1.06447
1.0643
1.06412
1.06395
1.06377
1.06359
1.06341
1.06323
1.06304
1.06286
1.06267
1.06248
1.06229
1.06209
1.0619
1.0617
1.0615
1.0613
1.0611
1.06089
1.06068
1.06048
1.06027
1.06005
1.05984
1.05962
1.05941
1.05919
1.05897
1.05874
1.05852
1.05829
1.05806
1.05783
1.0576
1.05737
1.05713
1.0569
1.05666
1.05642
1.05617
1.05593
1.05568
1.05543
1.05518
1.05493
1.05468
1.05442
1.05417
1.05391
1.05365
1.05338
1.05312
1.05285
1.05259
1.05232
1.05204
1.05177
1.0515
1.05122
1.05094
1.05066
1.05038
1.05009
1.04981
1.04952
1.04923
1.04894
1.04864
1.04835
1.04805
1.04775
1.04745
1.04715
1.04685
1.04654
1.04623
1.04593
1.04561
1.0453
1.04499
1.04467
1.04435
1.04403
1.04371
1.04339
1.04306
1.04273
1.04241
1.04207
1.04174
1.04141
1.04107
1.04073
1.04039
1.04005
1.03971
1.03936
1.03902
1.03867
1.03832
1.03797
1.03761
1.03726
1.0369
1.03654
1.03618
1.03582
1.03545
1.03509
1.03472
1.03435
1.03398
1.0336
1.03323
1.03285
1.03247
1.03209
1.03171
1.03133
1.03094
1.03055
1.03016
1.02977
1.02938
1.02899
1.02859
1.02819
1.02779
1.02739
1.02699
1.02658
1.02618
1.02577
1.02536
1.02494
1.02453
1.02411
1.0237
1.02328
1.02286
1.02243
1.02201
1.02158
1.02116
1.02073
1.0203
1.01986
1.01943
1.01899
1.01855
1.01811
1.01767
1.01723
1.01678
1.01634
1.01589
1.01544
1.01498
1.01453
1.01407
1.01362
1.01316
1.0127
1.01223
1.01177
1.0113
1.01084
1.01037
1.0099
1.00942
1.00895
1.00847
1.00799
1.00751
1.00703
1.00655
1.00606
1.00558
1.00509
1.0046
1.00411
1.00361
1.00312
1.00262
1.00212
1.00162
1.00112
1.00061
1.00011
0.999601
0.999091
0.998581
0.998068
0.997554
0.997038
0.99652
0.996001
0.99548
0.994957
0.994433
0.993907
0.993379
0.992849
0.992318
0.991785
0.991251
0.990714
0.990176
0.989637
0.989095
0.988552
0.988007
0.987461
0.986913
0.986363
0.985811
0.985258
0.984703
0.984146
0.983588
0.983028
0.982467
0.981903
0.981338
0.980772
0.980203
0.979633
0.979061
0.978488
0.977913
0.977336
0.976758
0.976178
0.975596
0.975013
0.974428
0.973841
0.973252
0.972662
0.972071
0.971477
0.970882
0.970285
0.969687
0.969087
0.968485
0.967882
0.967277
0.96667
0.966062
0.965452
0.96484
0.964227
0.963612
0.962996
0.962377
0.961757
0.961136
0.960513
0.959888
0.959262
0.958633
0.958004
0.957372
0.956739
0.956105
0.955468
0.954831
0.954191
0.95355
0.952907
0.952263
0.951617
0.950969
0.95032
0.949669
0.949016
0.948362
0.947706
0.947049
0.94639
0.945729
0.945067
0.944403
0.943737
0.94307
0.942401
0.941731
0.941059
0.940385
0.93971
0.939033
0.938355
0.937675
0.936993
0.93631
0.935625
0.934939
0.934251
0.933561
0.93287
0.932177
0.931483
0.930787
0.930089
0.92939
0.928689
0.927987
0.927283
0.926578
0.925871
0.925162
0.924452
0.92374
0.923026
0.922311
0.921595
0.920876
0.920157
0.919435
0.918713
0.917988
0.917262
0.916534
0.915805
0.915075
0.914342
0.913608
0.912873
0.912136
0.911397
0.910657
0.909916
0.909172
0.908428
0.907681
0.906933
0.906184
0.905433
0.90468
0.903926
0.903171
0.902414
0.901655
0.900895
0.900133
0.899369
0.898605
0.897838
0.89707
0.896301
0.89553
0.894757
0.893983
0.893207
0.89243
0.891652
0.890871
0.89009
0.889307
0.888522
0.887735
0.886948
0.886158
0.885368
0.884575
0.883781
0.882986
0.882189
0.881391
0.880591
0.879789
0.878987
0.878182
0.877376
0.876569
0.87576
0.874949
0.874138
0.873324
0.872509
0.871693
0.870875
0.870056
0.869235
0.868412
0.867589
0.866763
0.865937
0.865108
0.864278
0.863447
0.862615
0.86178
0.860945
0.860108
0.859269
0.858429
0.857587
0.856744
0.8559
0.855055
0.854202
0.853375
0.852441
0.851902
0.223934
0.224074
0.224316
0.224527
0.224742
0.224952
0.225159
0.225363
0.225565
0.225763
0.225958
0.22615
0.22634
0.226526
0.226709
0.226888
0.227065
0.227239
0.22741
0.227577
0.227742
0.227903
0.228062
0.228217
0.228369
0.228518
0.228664
0.228807
0.228947
0.229084
0.229218
0.229348
0.229476
0.2296
0.229721
0.22984
0.229955
0.230067
0.230175
0.230281
0.230384
0.230483
0.23058
0.230673
0.230763
0.23085
0.230934
0.231015
0.231092
0.231167
0.231238
0.231306
0.231372
0.231434
0.231493
0.231548
0.231601
0.23165
0.231697
0.23174
0.23178
0.231817
0.231851
0.231882
0.231909
0.231934
0.231955
0.231973
0.231988
0.232
0.232009
0.232014
0.232017
0.232016
0.232012
0.232005
0.231995
0.231982
0.231966
0.231946
0.231924
0.231898
0.231869
0.231837
0.231802
0.231764
0.231722
0.231678
0.23163
0.231579
0.231525
0.231468
0.231408
0.231345
0.231278
0.231209
0.231136
0.23106
0.230981
0.230899
0.230814
0.230725
0.230634
0.230539
0.230442
0.230341
0.230237
0.23013
0.23002
0.229907
0.22979
0.229671
0.229548
0.229423
0.229294
0.229162
0.229027
0.228889
0.228748
0.228603
0.228456
0.228306
0.228152
0.227996
0.227836
0.227673
0.227507
0.227338
0.227166
0.226991
0.226813
0.226632
0.226448
0.22626
0.22607
0.225877
0.22568
0.225481
0.225278
0.225072
0.224864
0.224652
0.224437
0.224219
0.223999
0.223775
0.223548
0.223318
0.223085
0.222849
0.22261
0.222368
0.222123
0.221875
0.221624
0.22137
0.221113
0.220853
0.22059
0.220325
0.220056
0.219784
0.219509
0.219231
0.21895
0.218667
0.21838
0.21809
0.217798
0.217502
0.217204
0.216902
0.216598
0.216291
0.215981
0.215667
0.215351
0.215032
0.214711
0.214386
0.214058
0.213728
0.213394
0.213058
0.212719
0.212377
0.212032
0.211684
0.211333
0.21098
0.210623
0.210264
0.209902
0.209537
0.209169
0.208799
0.208425
0.208049
0.20767
0.207288
0.206904
0.206516
0.206126
0.205733
0.205337
0.204939
0.204537
0.204133
0.203726
0.203317
0.202904
0.202489
0.202072
0.201651
0.201228
0.200802
0.200373
0.199941
0.199507
0.19907
0.198631
0.198189
0.197744
0.197296
0.196846
0.196393
0.195937
0.195479
0.195018
0.194555
0.194089
0.19362
0.193149
0.192675
0.192198
0.191719
0.191237
0.190753
0.190266
0.189776
0.189284
0.18879
0.188293
0.187793
0.187291
0.186786
0.186278
0.185769
0.185256
0.184741
0.184224
0.183704
0.183182
0.182657
0.18213
0.1816
0.181068
0.180533
0.179996
0.179457
0.178915
0.17837
0.177824
0.177274
0.176723
0.176169
0.175613
0.175054
0.174493
0.173929
0.173364
0.172795
0.172225
0.171652
0.171077
0.1705
0.16992
0.169338
0.168753
0.168167
0.167578
0.166987
0.166393
0.165798
0.1652
0.1646
0.163997
0.163393
0.162786
0.162177
0.161566
0.160953
0.160337
0.159719
0.159099
0.158477
0.157853
0.157227
0.156599
0.155968
0.155335
0.154701
0.154064
0.153425
0.152784
0.152141
0.151496
0.150849
0.150199
0.149548
0.148895
0.14824
0.147582
0.146923
0.146262
0.145599
0.144933
0.144266
0.143597
0.142926
0.142253
0.141578
0.140901
0.140223
0.139542
0.13886
0.138175
0.137489
0.136801
0.136111
0.135419
0.134726
0.13403
0.133333
0.132634
0.131933
0.13123
0.130526
0.12982
0.129112
0.128402
0.127691
0.126978
0.126263
0.125546
0.124828
0.124108
0.123386
0.122663
0.121938
0.121211
0.120483
0.119753
0.119022
0.118289
0.117554
0.116818
0.11608
0.11534
0.114599
0.113857
0.113113
0.112367
0.11162
0.110871
0.110121
0.10937
0.108617
0.107862
0.107106
0.106348
0.10559
0.104829
0.104067
0.103304
0.10254
0.101774
0.101006
0.100238
0.0994677
0.0986963
0.0979235
0.0971495
0.0963741
0.0955975
0.0948195
0.0940402
0.0932597
0.092478
0.0916949
0.0909107
0.0901252
0.0893385
0.0885505
0.0877614
0.0869711
0.0861796
0.085387
0.0845932
0.0837982
0.0830022
0.082205
0.0814067
0.0806073
0.0798068
0.0790052
0.0782025
0.0773988
0.0765941
0.0757883
0.0749815
0.0741737
0.0733648
0.072555
0.0717442
0.0709324
0.0701197
0.069306
0.0684914
0.0676759
0.0668594
0.0660421
0.0652238
0.0644047
0.0635847
0.0627638
0.0619421
0.0611196
0.0602962
0.059472
0.058647
0.0578212
0.0569946
0.0561673
0.0553392
0.0545103
0.0536808
0.0528505
0.0520194
0.0511877
0.0503553
0.0495222
0.0486884
0.047854
0.0470189
0.0461832
0.0453469
0.0445099
0.0436724
0.0428342
0.0419955
0.0411562
0.0403164
0.039476
0.0386351
0.0377936
0.0369517
0.0361092
0.0352663
0.0344228
0.0335789
0.0327346
0.0318898
0.0310446
0.030199
0.0293529
0.0285065
0.0276597
0.0268125
0.0259649
0.025117
0.0242688
0.0234202
0.0225713
0.0217221
0.0208726
0.0200228
0.0191728
0.0183225
0.0174719
0.0166211
0.0157701
0.0149189
0.0140674
0.0132158
0.012364
0.0115121
0.0106599
0.00980767
0.00895527
0.00810275
0.00725012
0.00639739
0.00554458
0.00469169
0.00383874
0.00298574
0.00213269
0.00127962
0.000426529
-0.000426567
-0.00127966
-0.00213273
-0.00298577
-0.00383878
-0.00469173
-0.00554462
-0.00639743
-0.00725016
-0.00810279
-0.00895531
-0.0098077
-0.01066
-0.0115121
-0.0123641
-0.0132159
-0.0140675
-0.0149189
-0.0157701
-0.0166211
-0.0174719
-0.0183225
-0.0191728
-0.0200228
-0.0208726
-0.0217221
-0.0225713
-0.0234202
-0.0242688
-0.025117
-0.025965
-0.0268125
-0.0276597
-0.0285065
-0.029353
-0.030199
-0.0310446
-0.0318899
-0.0327346
-0.033579
-0.0344229
-0.0352663
-0.0361092
-0.0369517
-0.0377936
-0.0386351
-0.039476
-0.0403164
-0.0411562
-0.0419955
-0.0428343
-0.0436724
-0.0445099
-0.0453469
-0.0461832
-0.0470189
-0.047854
-0.0486884
-0.0495222
-0.0503553
-0.0511877
-0.0520195
-0.0528505
-0.0536808
-0.0545104
-0.0553392
-0.0561673
-0.0569947
-0.0578212
-0.058647
-0.059472
-0.0602962
-0.0611196
-0.0619421
-0.0627638
-0.0635847
-0.0644047
-0.0652238
-0.0660421
-0.0668595
-0.0676759
-0.0684915
-0.0693061
-0.0701197
-0.0709325
-0.0717442
-0.072555
-0.0733649
-0.0741737
-0.0749815
-0.0757883
-0.0765941
-0.0773989
-0.0782026
-0.0790052
-0.0798068
-0.0806073
-0.0814067
-0.082205
-0.0830022
-0.0837983
-0.0845932
-0.085387
-0.0861797
-0.0869712
-0.0877615
-0.0885506
-0.0893385
-0.0901252
-0.0909107
-0.091695
-0.092478
-0.0932598
-0.0940403
-0.0948195
-0.0955975
-0.0963742
-0.0971495
-0.0979236
-0.0986963
-0.0994677
-0.100238
-0.101006
-0.101774
-0.10254
-0.103304
-0.104067
-0.104829
-0.10559
-0.106348
-0.107106
-0.107862
-0.108617
-0.10937
-0.110121
-0.110871
-0.11162
-0.112367
-0.113113
-0.113857
-0.114599
-0.11534
-0.11608
-0.116818
-0.117554
-0.118289
-0.119022
-0.119753
-0.120483
-0.121211
-0.121938
-0.122663
-0.123386
-0.124108
-0.124828
-0.125546
-0.126263
-0.126978
-0.127691
-0.128402
-0.129112
-0.12982
-0.130526
-0.13123
-0.131933
-0.132634
-0.133333
-0.13403
-0.134726
-0.135419
-0.136111
-0.136801
-0.137489
-0.138175
-0.13886
-0.139542
-0.140223
-0.140902
-0.141578
-0.142253
-0.142926
-0.143597
-0.144266
-0.144933
-0.145599
-0.146262
-0.146923
-0.147582
-0.14824
-0.148895
-0.149548
-0.150199
-0.150849
-0.151496
-0.152141
-0.152784
-0.153425
-0.154064
-0.154701
-0.155335
-0.155968
-0.156599
-0.157227
-0.157853
-0.158477
-0.159099
-0.159719
-0.160337
-0.160953
-0.161566
-0.162177
-0.162786
-0.163393
-0.163997
-0.1646
-0.1652
-0.165798
-0.166393
-0.166987
-0.167578
-0.168167
-0.168753
-0.169338
-0.16992
-0.1705
-0.171077
-0.171652
-0.172225
-0.172795
-0.173364
-0.173929
-0.174493
-0.175054
-0.175613
-0.176169
-0.176723
-0.177274
-0.177824
-0.17837
-0.178915
-0.179457
-0.179996
-0.180533
-0.181068
-0.1816
-0.18213
-0.182657
-0.183182
-0.183704
-0.184224
-0.184741
-0.185256
-0.185769
-0.186278
-0.186786
-0.187291
-0.187793
-0.188293
-0.18879
-0.189284
-0.189776
-0.190266
-0.190753
-0.191237
-0.191719
-0.192198
-0.192675
-0.193149
-0.19362
-0.194089
-0.194555
-0.195018
-0.195479
-0.195938
-0.196393
-0.196846
-0.197296
-0.197744
-0.198189
-0.198631
-0.19907
-0.199507
-0.199941
-0.200373
-0.200802
-0.201228
-0.201651
-0.202072
-0.202489
-0.202904
-0.203317
-0.203726
-0.204133
-0.204537
-0.204939
-0.205337
-0.205733
-0.206126
-0.206516
-0.206904
-0.207288
-0.20767
-0.208049
-0.208425
-0.208799
-0.209169
-0.209537
-0.209902
-0.210264
-0.210623
-0.21098
-0.211333
-0.211684
-0.212032
-0.212377
-0.212719
-0.213058
-0.213394
-0.213728
-0.214058
-0.214386
-0.214711
-0.215033
-0.215351
-0.215667
-0.215981
-0.216291
-0.216598
-0.216902
-0.217204
-0.217502
-0.217798
-0.21809
-0.21838
-0.218667
-0.21895
-0.219231
-0.219509
-0.219784
-0.220056
-0.220325
-0.22059
-0.220853
-0.221113
-0.22137
-0.221624
-0.221875
-0.222123
-0.222368
-0.22261
-0.222849
-0.223085
-0.223318
-0.223548
-0.223775
-0.223999
-0.224219
-0.224437
-0.224652
-0.224864
-0.225072
-0.225278
-0.225481
-0.22568
-0.225877
-0.22607
-0.22626
-0.226448
-0.226632
-0.226813
-0.226991
-0.227166
-0.227338
-0.227507
-0.227673
-0.227836
-0.227996
-0.228152
-0.228306
-0.228456
-0.228603
-0.228748
-0.228889
-0.229027
-0.229162
-0.229294
-0.229423
-0.229548
-0.229671
-0.22979
-0.229907
-0.23002
-0.23013
-0.230237
-0.230341
-0.230442
-0.230539
-0.230634
-0.230725
-0.230814
-0.230899
-0.230981
-0.23106
-0.231136
-0.231209
-0.231278
-0.231345
-0.231408
-0.231468
-0.231525
-0.231579
-0.23163
-0.231678
-0.231722
-0.231764
-0.231802
-0.231837
-0.231869
-0.231898
-0.231924
-0.231946
-0.231966
-0.231982
-0.231995
-0.232005
-0.232012
-0.232016
-0.232017
-0.232014
-0.232009
-0.232
-0.231988
-0.231973
-0.231955
-0.231934
-0.231909
-0.231882
-0.231851
-0.231817
-0.23178
-0.23174
-0.231697
-0.23165
-0.231601
-0.231548
-0.231493
-0.231434
-0.231372
-0.231306
-0.231238
-0.231167
-0.231092
-0.231015
-0.230934
-0.23085
-0.230763
-0.230673
-0.23058
-0.230483
-0.230384
-0.230281
-0.230175
-0.230067
-0.229955
-0.22984
-0.229721
-0.2296
-0.229476
-0.229348
-0.229218
-0.229084
-0.228947
-0.228807
-0.228665
-0.228518
-0.228369
-0.228217
-0.228062
-0.227903
-0.227742
-0.227577
-0.22741
-0.227239
-0.227065
-0.226888
-0.226709
-0.226526
-0.22634
-0.22615
-0.225958
-0.225763
-0.225565
-0.225363
-0.225159
-0.224952
-0.224742
-0.224527
-0.224316
-0.224074
-0.223934
