-0.000162105
3.24971e-05
8.97155e-05
1.99345e-05
0.000101985
3.24971e-05
-0.000128861
4.60877e-05
8.79836e-05
4.54427e-05
4.60877e-05
-0.000125824
4.87234e-05
7.96169e-05
4.10123e-05
4.87234e-05
-0.000136748
1.93587e-05
9.24088e-05
5.0288e-05
1.93587e-05
-0.000135318
2.71012e-05
8.37039e-05
6.99024e-05
2.71012e-05
-0.000131424
2.63156e-05
7.24259e-05
7.38172e-05
2.63156e-05
-0.000130238
4.67083e-05
5.02652e-05
8.56648e-05
4.67083e-05
-0.000133121
2.77814e-05
4.40468e-05
9.21015e-05
2.77814e-05
-0.000128719
3.94198e-05
6.6028e-05
6.85505e-05
3.94198e-05
-0.000142265
1.50315e-05
0.000103729
5.01477e-05
1.50315e-05
-0.000142107
3.60254e-05
5.77707e-05
9.05287e-05
3.60254e-05
-0.000166096
8.97155e-05
1.69768e-05
0.000102394
8.97155e-05
-0.000162105
3.2497e-05
1.99346e-05
0.000101984
3.2497e-05
-0.000128861
4.60877e-05
8.79837e-05
4.54428e-05
4.60877e-05
-0.000125824
4.87235e-05
7.96169e-05
4.10123e-05
4.87235e-05
-0.000136748
1.93587e-05
9.24088e-05
5.02879e-05
1.93587e-05
-0.000135318
2.71012e-05
8.37038e-05
6.99024e-05
2.71012e-05
-0.000131425
2.63156e-05
7.24259e-05
7.38172e-05
2.63156e-05
-0.000130238
4.67083e-05
5.02652e-05
8.56648e-05
4.67083e-05
-0.000133121
2.77814e-05
4.40468e-05
9.21015e-05
2.77814e-05
-0.000128719
3.94198e-05
6.6028e-05
6.85505e-05
3.94198e-05
-0.000142265
1.50315e-05
0.000103729
5.01477e-05
1.50315e-05
-0.000142107
3.60254e-05
5.77707e-05
9.05287e-05
3.60254e-05
-0.000166096
8.97155e-05
1.69768e-05
0.000102394
8.97155e-05
-0.000162105
3.2497e-05
1.99346e-05
0.000101984
3.2497e-05
-0.000128861
4.60877e-05
8.79837e-05
4.54428e-05
4.60877e-05
-0.000125824
4.87235e-05
7.96169e-05
4.10123e-05
4.87235e-05
-0.000136748
1.93587e-05
9.24088e-05
5.02879e-05
1.93587e-05
-0.000135318
2.71012e-05
8.37038e-05
6.99024e-05
2.71012e-05
-0.000131425
2.63156e-05
7.24259e-05
7.38172e-05
2.63156e-05
-0.000130238
4.67083e-05
5.02652e-05
8.56648e-05
4.67083e-05
-0.000133121
2.77814e-05
4.40468e-05
9.21015e-05
2.77814e-05
-0.000128719
3.94198e-05
6.6028e-05
6.85505e-05
3.94198e-05
-0.000142265
1.50315e-05
0.000103729
5.01477e-05
1.50315e-05
-0.000142107
3.60254e-05
5.77707e-05
9.05287e-05
3.60254e-05
-0.000166096
8.97155e-05
1.69768e-05
0.000102394
8.97155e-05
-0.000162105
3.2497e-05
1.99346e-05
0.000101984
3.2497e-05
-0.000128861
4.60877e-05
8.79837e-05
4.54428e-05
4.60877e-05
-0.000125824
4.87235e-05
7.96169e-05
4.10123e-05
4.87235e-05
-0.000136748
1.93587e-05
9.24088e-05
5.02879e-05
1.93587e-05
-0.000135318
2.71012e-05
8.37038e-05
6.99024e-05
2.71012e-05
-0.000131425
2.6315e-05
7.24253e-05
7.38183e-05
2.6315e-05
-0.000130238
4.67087e-05
5.02653e-05
8.5665e-05
4.67087e-05
-0.000133121
2.77822e-05
4.40457e-05
9.2102e-05
2.77822e-05
-0.000128719
3.94198e-05
6.60287e-05
6.85491e-05
3.94198e-05
-0.000142265
1.50315e-05
0.000103729
5.01477e-05
1.50315e-05
-0.000142107
3.60255e-05
5.77706e-05
9.05287e-05
8.97155e-05
3.60255e-05
-0.000166096
1.69767e-05
0.000102395
1.69768e-05
1.99346e-05
-0.000303023
8.26788e-05
9.70038e-05
6.64723e-05
7.60386e-05
0.000102807
1.69768e-05
1.99346e-05
-0.000303023
9.70038e-05
8.26788e-05
6.64723e-05
7.60386e-05
0.000102807
1.99345e-05
1.69767e-05
-0.000303023
8.2679e-05
9.7004e-05
6.64723e-05
7.60387e-05
0.000102808
1.69768e-05
1.99346e-05
-0.000303023
8.26788e-05
9.70038e-05
6.64723e-05
7.60386e-05
0.000102807
-0.000302233
3.02884e-05
0.000104109
7.83001e-05
6.29802e-05
9.45286e-05
6.69406e-05
5.77707e-05
0.000102394
8.26788e-05
3.02884e-05
-0.000319356
6.7527e-05
9.38681e-05
0.000101984
8.79837e-05
9.70038e-05
-0.000314464
8.44887e-05
6.90774e-05
0.000101984
8.79837e-05
9.70038e-05
-0.000314464
8.44887e-05
6.90774e-05
-0.000302233
3.02884e-05
0.000104109
7.83001e-05
6.29802e-05
9.45286e-05
6.69406e-05
5.77707e-05
0.000102394
8.26788e-05
3.02884e-05
-0.000319356
6.7527e-05
9.38681e-05
-0.000302233
3.02886e-05
0.000104109
7.83003e-05
6.29803e-05
9.45289e-05
6.69402e-05
5.77706e-05
0.000102395
8.2679e-05
3.02886e-05
-0.000319356
6.7527e-05
9.38679e-05
0.000101985
8.79836e-05
9.7004e-05
-0.000314464
8.44887e-05
6.90775e-05
-0.000302233
3.02884e-05
0.000104109
7.83001e-05
6.29802e-05
9.45286e-05
6.69406e-05
5.77707e-05
0.000102394
8.26788e-05
3.02884e-05
-0.000319356
6.7527e-05
9.38681e-05
0.000101984
8.79837e-05
9.70038e-05
-0.000314464
8.44887e-05
6.90774e-05
0.000103729
9.05287e-05
0.000104109
6.7527e-05
-0.000324574
5.63528e-05
6.6028e-05
5.01477e-05
7.83001e-05
5.63528e-05
-0.000260557
4.2073e-05
4.85342e-05
9.82062e-05
-0.000324428
0.000114611
2.52308e-05
3.23676e-05
0.000129329
5.19996e-05
0.000122197
-0.000324428
0.000114611
2.52308e-05
3.23695e-05
0.000129331
5.19964e-05
0.000122199
0.000103729
9.05287e-05
0.000104109
6.7527e-05
-0.000324574
5.63528e-05
6.6028e-05
5.01477e-05
7.83001e-05
5.63528e-05
-0.000260557
4.2073e-05
4.85342e-05
9.82062e-05
0.000103729
9.05287e-05
0.000104109
6.7527e-05
-0.000324574
5.63528e-05
6.60287e-05
5.01477e-05
7.83003e-05
5.63528e-05
-0.000260557
4.20739e-05
4.85326e-05
9.82065e-05
-0.000324428
0.000114611
2.52306e-05
3.23691e-05
0.000129331
5.19969e-05
0.000122199
0.000103729
9.05287e-05
0.000104109
6.7527e-05
-0.000324574
5.63528e-05
6.6028e-05
5.01477e-05
7.83001e-05
5.63528e-05
-0.000260557
4.2073e-05
4.85342e-05
9.82062e-05
-0.000324428
0.000114611
2.52308e-05
3.23695e-05
0.000129331
5.19964e-05
0.000122199
6.64723e-05
8.44887e-05
0.000114611
-0.000313832
7.38133e-05
9.36542e-05
6.64723e-05
8.44887e-05
0.000114611
-0.000313832
7.38133e-05
9.36542e-05
6.64723e-05
8.44887e-05
0.000114611
-0.000313832
7.38134e-05
9.36542e-05
6.64723e-05
8.44887e-05
0.000114611
-0.000313832
7.38133e-05
9.36542e-05
4.54428e-05
7.96169e-05
6.90774e-05
2.52308e-05
7.38133e-05
-0.00026434
0.000110669
4.97212e-05
-0.000296764
0.000109597
6.18218e-05
8.58908e-05
2.95257e-05
0.000104665
5.31909e-05
4.54428e-05
7.96169e-05
6.90774e-05
2.52308e-05
7.38133e-05
-0.00026434
0.000110669
4.97212e-05
-0.000296766
0.000109598
6.18218e-05
8.58908e-05
2.95243e-05
0.000104667
5.31912e-05
4.54427e-05
7.96169e-05
6.90775e-05
2.52306e-05
7.38134e-05
-0.00026434
0.000110669
4.97214e-05
-0.000296765
0.000109598
6.18218e-05
8.58909e-05
2.95249e-05
0.000104666
5.31911e-05
4.54428e-05
7.96169e-05
6.90774e-05
2.52308e-05
7.38133e-05
-0.00026434
0.000110669
4.97212e-05
-0.000296766
0.000109598
6.18218e-05
8.58908e-05
2.95243e-05
0.000104667
5.31912e-05
7.60386e-05
3.23676e-05
9.36542e-05
0.000109597
-0.000282818
6.25942e-05
2.87744e-05
4.23903e-05
7.60386e-05
3.23695e-05
9.36542e-05
0.000109598
-0.000282818
6.25942e-05
2.87744e-05
4.23884e-05
7.60387e-05
3.23691e-05
9.36542e-05
0.000109598
-0.000282818
6.25941e-05
2.87743e-05
4.23887e-05
7.60386e-05
3.23695e-05
9.36542e-05
0.000109598
-0.000282818
6.25942e-05
2.87744e-05
4.23884e-05
6.29802e-05
6.18218e-05
6.25942e-05
-0.000295426
0.000108019
5.08201e-05
8.59648e-05
6.29802e-05
6.18218e-05
6.25942e-05
-0.000295426
0.000108019
5.08201e-05
8.59648e-05
6.29803e-05
6.18218e-05
6.25941e-05
-0.000295426
0.000108019
5.08201e-05
8.59652e-05
6.29802e-05
6.18218e-05
6.25942e-05
-0.000295426
0.000108019
5.08201e-05
8.59648e-05
0.000102807
9.45286e-05
9.38681e-05
2.87744e-05
0.000108019
-0.000342261
-0.000321804
1.0466e-05
8.03238e-05
6.58643e-05
6.50414e-05
8.54968e-05
0.000129854
0.000102807
9.45286e-05
9.38681e-05
2.87744e-05
0.000108019
-0.000342261
-0.000321804
1.0466e-05
8.03238e-05
6.58643e-05
6.50414e-05
8.54968e-05
0.000129854
0.000102808
9.45289e-05
9.38679e-05
2.87743e-05
0.000108019
-0.000342261
-0.000321804
1.04657e-05
8.03241e-05
6.58643e-05
6.50415e-05
8.54968e-05
0.000129854
0.000102807
9.45286e-05
9.38681e-05
2.87744e-05
0.000108019
-0.000342261
-0.000321804
1.0466e-05
8.03238e-05
6.58643e-05
6.50414e-05
8.54968e-05
0.000129854
6.69406e-05
4.2073e-05
5.08201e-05
1.0466e-05
-0.000291747
7.93151e-05
0.000103412
0.000109915
8.58908e-05
8.59648e-05
8.03238e-05
7.93151e-05
-0.000295065
8.86321e-05
1.60639e-05
6.69406e-05
4.2073e-05
5.08201e-05
1.0466e-05
-0.000291747
7.93151e-05
0.000103412
0.000109915
8.58908e-05
8.59648e-05
8.03238e-05
7.93151e-05
-0.000295065
8.86322e-05
1.60639e-05
6.69402e-05
4.20739e-05
5.08201e-05
1.04657e-05
-0.000291747
7.93148e-05
0.000103412
0.000109916
8.58909e-05
8.59652e-05
8.03241e-05
7.93148e-05
-0.000295064
8.86322e-05
1.60639e-05
6.69406e-05
4.2073e-05
5.08201e-05
1.0466e-05
-0.000291747
7.93151e-05
0.000103412
0.000109915
8.58908e-05
8.59648e-05
8.03238e-05
7.93151e-05
-0.000295065
8.86322e-05
1.60639e-05
-0.000294615
8.18513e-05
3.47427e-05
7.1175e-05
8.14745e-05
7.26914e-05
8.38576e-05
-0.000296236
8.18515e-05
3.4403e-05
7.1176e-05
7.09784e-05
8.70447e-05
7.97129e-05
-0.000301158
8.18514e-05
2.29965e-05
7.11756e-05
9.8551e-05
6.15932e-05
9.59459e-05
-0.000345926
7.87876e-05
9.64822e-05
0.000102864
3.63577e-05
0.000125143
6.58643e-05
8.86321e-05
8.18513e-05
-0.000324109
9.30227e-05
9.52119e-05
6.58643e-05
8.86322e-05
8.18515e-05
-0.000324109
9.30227e-05
9.52117e-05
6.58643e-05
8.86322e-05
8.18514e-05
-0.000324109
9.30228e-05
9.5212e-05
6.58643e-05
8.86322e-05
7.87876e-05
-0.000310885
8.96784e-05
9.52117e-05
1.37389e-05
-0.000319899
0.000107862
2.89031e-05
0.000125318
1.82661e-05
6.2762e-05
0.000115409
2.14442e-05
-0.000320871
0.000109576
2.89031e-05
0.000125318
1.75143e-05
5.95962e-05
2.14442e-05
0.000120228
-0.0003151
9.57484e-05
2.89027e-05
0.000125319
1.93536e-05
0.000111875
7.01964e-05
2.1447e-05
-0.000301233
8.27732e-05
2.8903e-05
0.000125318
4.0678e-05
9.34576e-05
7.02225e-05
2.14444e-05
6.50414e-05
3.47427e-05
9.30227e-05
0.000107862
-0.000294213
8.91076e-05
1.26168e-05
4.45624e-05
6.50414e-05
3.4403e-05
9.30227e-05
0.000109576
-0.00029456
8.91076e-05
1.26168e-05
4.3801e-05
6.50415e-05
2.29965e-05
9.30228e-05
9.57484e-05
-0.000294993
8.91078e-05
1.26166e-05
6.1092e-05
6.50414e-05
8.96784e-05
8.27732e-05
-0.000313605
8.91076e-05
1.26167e-05
8.78116e-05
-0.000338407
8.83704e-05
8.33811e-05
9.49339e-05
8.36543e-05
6.20483e-05
-0.000338407
8.83704e-05
8.33811e-05
9.49339e-05
8.36543e-05
6.20483e-05
-0.000338407
8.83704e-05
8.33821e-05
9.49326e-05
8.36546e-05
6.20485e-05
-0.000338407
8.83704e-05
8.33811e-05
9.49339e-05
8.36542e-05
6.20483e-05
8.54968e-05
8.91076e-05
8.83704e-05
-0.000304505
2.09125e-05
3.95717e-05
2.88243e-05
8.66329e-05
2.09125e-05
-0.000355611
0.000111011
0.000102368
1.81869e-05
9.63536e-05
0.000122599
8.54968e-05
8.91076e-05
8.83704e-05
-0.000304505
2.09125e-05
3.95717e-05
2.88243e-05
8.66329e-05
2.09125e-05
-0.000355611
0.000111011
0.000102368
1.81869e-05
9.63536e-05
0.000122599
8.54968e-05
8.91078e-05
8.83704e-05
-0.000304504
2.09124e-05
3.95716e-05
2.88246e-05
8.66327e-05
2.09124e-05
-0.000355613
0.000111011
0.000102369
1.81853e-05
9.63557e-05
0.0001226
8.54968e-05
8.91076e-05
8.83704e-05
-0.000304505
2.09125e-05
3.95717e-05
2.88243e-05
8.66328e-05
2.09125e-05
-0.000355611
0.000111011
0.000102368
1.81869e-05
9.63536e-05
0.000122599
-0.000335274
7.53715e-05
6.54102e-05
8.78792e-05
6.29453e-05
0.000143214
-0.000335274
7.53711e-05
6.54102e-05
8.78795e-05
6.29452e-05
0.000143214
-0.000335274
7.53712e-05
6.54101e-05
8.78796e-05
6.2945e-05
0.000143214
-0.000335274
7.53711e-05
6.54102e-05
8.78795e-05
6.29452e-05
0.000143214
0.000129854
0.000103412
3.95717e-05
0.000111011
-0.000362966
6.35635e-05
4.85342e-05
0.000109915
0.000102368
6.35635e-05
-0.000308794
4.68572e-05
6.91452e-05
5.02652e-05
4.40468e-05
1.81869e-05
4.68572e-05
-0.000286946
0.000102754
7.50083e-05
0.000114459
0.000129854
0.000103412
3.95717e-05
0.000111011
-0.000362966
6.35635e-05
4.85342e-05
0.000109915
0.000102368
6.35635e-05
-0.000308794
4.68572e-05
6.91452e-05
5.02652e-05
4.40468e-05
1.81869e-05
4.68572e-05
-0.000286946
0.000102754
7.50083e-05
0.000114459
0.000129854
0.000103412
3.95716e-05
0.000111011
-0.000362966
6.35638e-05
4.85326e-05
0.000109916
0.000102369
6.35638e-05
-0.000308795
4.68572e-05
6.91464e-05
5.02653e-05
4.40457e-05
1.81853e-05
4.68572e-05
-0.000286948
0.000102754
7.50096e-05
0.000114462
0.000129854
0.000103412
3.95717e-05
0.000111011
-0.000362966
6.35635e-05
4.85342e-05
0.000109915
0.000102368
6.35635e-05
-0.000308794
4.68572e-05
6.91452e-05
5.02652e-05
4.40468e-05
1.81869e-05
4.68572e-05
-0.000286946
0.000102754
7.50083e-05
0.000114459
9.24088e-05
8.37038e-05
7.53715e-05
-0.000302726
6.49458e-05
8.29573e-05
2.03454e-05
6.99024e-05
7.24253e-05
6.49458e-05
-0.000332479
8.45548e-05
0.00014372
4.10123e-05
5.02879e-05
0.000110669
6.54102e-05
8.29573e-05
-0.000297782
8.49072e-05
0.000129329
4.97212e-05
8.78792e-05
8.49072e-05
-0.000305732
6.38962e-05
3.1287e-05
6.29453e-05
6.38962e-05
-0.000325069
0.000130005
1.37406e-05
8.79108e-05
8.78132e-05
9.24088e-05
8.37038e-05
7.53711e-05
-0.000302725
6.49454e-05
8.29573e-05
2.0346e-05
6.99024e-05
7.24259e-05
6.49454e-05
-0.000332479
8.45544e-05
0.000143721
4.10123e-05
5.02879e-05
0.000110669
6.54102e-05
8.29573e-05
-0.000297782
8.49072e-05
0.000129331
4.97212e-05
8.78795e-05
8.49072e-05
-0.000305732
6.38964e-05
3.1286e-05
6.29452e-05
6.38964e-05
-0.00032507
0.000130005
1.37404e-05
8.79088e-05
8.78163e-05
9.24088e-05
8.37039e-05
7.53712e-05
-0.000302726
6.49454e-05
8.29573e-05
2.03458e-05
6.99024e-05
7.24259e-05
6.49454e-05
-0.000332479
8.45544e-05
0.000143721
4.10123e-05
5.0288e-05
0.000110669
6.54101e-05
8.29573e-05
-0.000297782
8.49072e-05
0.000129331
4.97214e-05
8.78796e-05
8.49072e-05
-0.000305733
6.38964e-05
3.12858e-05
6.2945e-05
6.38964e-05
-0.00032507
0.000130005
1.37405e-05
8.79089e-05
8.78162e-05
9.24088e-05
8.37038e-05
7.53711e-05
-0.000302725
6.49454e-05
8.29573e-05
2.0346e-05
6.99024e-05
7.24259e-05
6.49454e-05
-0.000332479
8.45544e-05
0.000143721
4.10123e-05
5.02879e-05
0.000110669
6.54102e-05
8.29573e-05
-0.000297782
8.49072e-05
0.000129331
4.97212e-05
8.78795e-05
8.49072e-05
-0.000305732
6.38964e-05
3.1286e-05
6.29452e-05
6.38964e-05
-0.00032507
0.000130005
1.37404e-05
8.79088e-05
8.78163e-05
9.21015e-05
6.85505e-05
9.82062e-05
6.91452e-05
0.000102754
-0.000307739
9.21015e-05
6.85505e-05
9.82062e-05
6.91452e-05
0.000102754
-0.000307739
9.2102e-05
6.85491e-05
9.82065e-05
6.91464e-05
0.000102754
-0.000307738
9.21015e-05
6.85505e-05
9.82062e-05
6.91452e-05
0.000102754
-0.000307739
7.38183e-05
8.5665e-05
7.50096e-05
8.45548e-05
-0.000282296
3.14772e-05
6.75749e-05
1.50176e-05
3.14772e-05
-0.000365123
9.85994e-05
0.000103276
6.99103e-05
0.000145726
2.89027e-05
-0.000358199
9.10406e-05
9.12196e-05
9.35919e-05
1.30508e-05
0.000163039
7.38172e-05
8.56648e-05
7.50083e-05
8.45544e-05
-0.000282296
3.14772e-05
6.75782e-05
1.50173e-05
3.14772e-05
-0.000365124
9.85973e-05
0.000103278
6.99098e-05
0.000145727
2.89031e-05
-0.000358207
9.1039e-05
9.12209e-05
9.35955e-05
1.30453e-05
0.000163045
7.38172e-05
8.56648e-05
7.50083e-05
8.45544e-05
-0.000282296
3.14772e-05
6.75782e-05
1.50173e-05
3.14772e-05
-0.000365124
9.85973e-05
0.000103278
6.99098e-05
0.000145727
2.8903e-05
-0.000358206
9.1039e-05
9.12209e-05
9.35951e-05
1.30459e-05
0.000163044
7.38172e-05
8.56648e-05
7.50083e-05
8.45544e-05
-0.000282296
3.14772e-05
6.75782e-05
1.50173e-05
3.14772e-05
-0.000365124
9.85973e-05
0.000103278
6.99098e-05
0.000145727
2.89031e-05
-0.000358207
9.1039e-05
9.12209e-05
9.35955e-05
1.30453e-05
0.000163045
9.63557e-05
0.000114462
6.75749e-05
9.85994e-05
-0.000343834
5.14015e-05
8.33821e-05
0.000130005
0.000103276
-0.000349481
6.11988e-05
2.82566e-05
2.85775e-05
9.49326e-05
2.88246e-05
0.0001226
6.99103e-05
5.14015e-05
6.11988e-05
-0.000335433
0.000143214
2.03454e-05
0.00014372
1.37406e-05
1.50176e-05
0.000145726
2.82566e-05
-0.000376644
8.36546e-05
8.79108e-05
9.10406e-05
2.85775e-05
-0.000315069
5.82216e-05
5.3816e-05
0.000125319
1.26166e-05
6.20485e-05
8.66327e-05
9.12196e-05
5.82216e-05
-0.000331871
5.19996e-05
3.1287e-05
8.78132e-05
9.35919e-05
5.3816e-05
-0.00030325
2.07271e-05
0.000111589
2.95257e-05
1.30508e-05
2.07271e-05
-0.000326109
9.53467e-05
0.000135929
6.89396e-05
0.000107596
0.000104665
1.60639e-05
7.1175e-05
9.52119e-05
9.53467e-05
-0.000313233
5.18439e-05
9.63536e-05
0.000114459
6.75782e-05
9.85973e-05
-0.000343831
5.1403e-05
8.33811e-05
0.000130005
0.000103278
-0.000349482
6.11976e-05
2.82555e-05
2.85795e-05
9.49339e-05
2.88243e-05
0.000122599
6.99098e-05
5.1403e-05
6.11976e-05
-0.000335432
0.000143214
2.0346e-05
0.000143721
1.37404e-05
1.50173e-05
0.000145727
2.82555e-05
-0.000376646
8.36543e-05
8.79088e-05
9.1039e-05
2.85795e-05
-0.000315069
5.82205e-05
5.38166e-05
0.000125318
1.26168e-05
6.20483e-05
8.66329e-05
9.12209e-05
5.82205e-05
-0.000331871
5.19964e-05
3.1286e-05
8.78163e-05
9.35955e-05
5.38166e-05
-0.000303254
2.07261e-05
0.000111591
2.95243e-05
1.30453e-05
2.07261e-05
-0.000326115
9.53492e-05
0.00013593
6.89421e-05
0.000107605
0.000104667
1.60639e-05
7.1176e-05
9.52117e-05
9.53492e-05
-0.000313234
5.18406e-05
9.63536e-05
0.000114459
6.75782e-05
9.85973e-05
-0.000343831
5.1403e-05
8.33811e-05
0.000130005
0.000103278
-0.000349482
6.11976e-05
2.82554e-05
2.85795e-05
9.49339e-05
2.88243e-05
0.000122599
6.99098e-05
5.1403e-05
6.11976e-05
-0.000335432
0.000143214
2.03458e-05
0.000143721
1.37405e-05
1.50173e-05
0.000145727
2.82554e-05
-0.000376646
8.36542e-05
8.79089e-05
9.1039e-05
2.85795e-05
-0.000315069
5.82205e-05
5.38165e-05
0.000125318
1.26167e-05
6.20483e-05
8.66328e-05
9.12209e-05
5.82205e-05
-0.000331871
5.19969e-05
3.12858e-05
8.78162e-05
9.35951e-05
5.38165e-05
-0.000303254
2.07262e-05
0.000111591
2.95249e-05
1.30459e-05
2.07262e-05
-0.000326114
9.53484e-05
0.000135929
6.89417e-05
0.000107604
0.000104666
1.60639e-05
7.11756e-05
9.5212e-05
9.53484e-05
-0.000313233
5.18419e-05
9.63536e-05
0.000114459
6.75782e-05
9.85973e-05
-0.000343831
5.1403e-05
8.33811e-05
0.000130005
0.000103278
-0.000349482
6.11976e-05
2.82555e-05
2.85795e-05
9.49339e-05
2.88243e-05
0.000122599
6.99098e-05
5.1403e-05
6.11976e-05
-0.000335432
0.000143214
2.0346e-05
0.000143721
1.37404e-05
1.50173e-05
0.000145727
2.82555e-05
-0.000376646
8.36543e-05
8.79088e-05
9.1039e-05
2.85795e-05
-0.000315069
5.82205e-05
5.38166e-05
0.000125318
1.26168e-05
6.20483e-05
8.66329e-05
9.12209e-05
5.82205e-05
-0.000331871
5.19964e-05
3.1286e-05
8.78163e-05
9.35955e-05
5.38166e-05
-0.000303254
2.07261e-05
0.000111591
2.95243e-05
1.30453e-05
2.07261e-05
-0.00034217
0.000129391
0.00013593
3.16584e-05
0.000146645
0.000104667
1.60639e-05
9.64822e-05
9.52117e-05
0.000129391
-0.00033197
2.12086e-05
0.000122197
5.31909e-05
4.23903e-05
0.000111589
0.000135929
-0.000342099
0.000122199
5.31912e-05
4.23884e-05
0.000111591
0.00013593
-0.000342099
0.000122199
5.31911e-05
4.23887e-05
0.000111591
0.000135929
-0.000342099
0.000122199
5.31912e-05
4.23884e-05
0.000111591
0.00013593
-0.000342099
1.93536e-05
-0.000330736
7.10745e-05
5.98991e-05
6.80788e-05
0.000106405
0.000126008
1.82661e-05
-0.000332414
0.00012453
4.96028e-05
7.12227e-05
6.93131e-05
0.000126011
4.0678e-05
-0.000318073
4.76115e-05
9.50715e-05
5.8912e-05
8.55463e-05
0.000126011
1.75143e-05
-0.000375947
1.63987e-05
0.000140907
4.26415e-05
0.000147363
0.000151761
8.14745e-05
6.89396e-05
5.18439e-05
7.10745e-05
-0.000298366
5.94745e-05
6.82466e-05
7.26914e-05
5.98991e-05
5.94745e-05
-0.00028658
7.6482e-05
9.24084e-05
5.88155e-05
-0.000371352
9.37783e-05
0.000131936
0.000100932
0.000112708
8.38576e-05
6.2762e-05
4.45624e-05
7.6482e-05
-0.000285642
0.000105995
6.63166e-05
6.80788e-05
9.24084e-05
9.37783e-05
-0.000293327
8.75032e-05
4.54246e-05
1.12426e-05
3.64404e-05
0.000115409
0.00012453
0.000105995
-0.000339413
3.78789e-05
7.39228e-05
0.000111875
0.000106405
8.75032e-05
-0.000338426
5.75395e-05
7.21644e-05
5.88155e-05
6.63166e-05
4.54246e-05
3.78789e-05
-0.000278229
8.4592e-05
3.31397e-05
0.000127613
9.8551e-05
7.01964e-05
6.1092e-05
5.75395e-05
-0.000302778
3.49835e-05
0.000104677
4.96028e-05
7.39228e-05
8.4592e-05
-0.000282722
0.000115069
4.27207e-05
8.41129e-05
6.15932e-05
4.76115e-05
3.49835e-05
-0.000293946
0.000121688
9.0899e-05
3.66412e-05
4.36089e-05
7.09784e-05
7.12227e-05
0.000115069
-0.000300356
3.13972e-05
8.8235e-05
6.19569e-05
4.27207e-05
3.13972e-05
-0.000308903
8.23729e-05
7.69828e-05
0.000117353
0.000115141
8.70447e-05
5.95962e-05
4.3801e-05
8.8235e-05
8.23729e-05
-0.000291383
7.56728e-05
-0.000316104
1.60718e-05
6.88034e-05
8.02534e-05
0.000114467
6.43701e-05
0.000105911
0.000131936
1.12426e-05
7.21644e-05
0.000104677
0.000121688
-0.0003499
1.84638e-05
3.31397e-05
8.41129e-05
7.69828e-05
1.60718e-05
-0.000292162
4.51303e-05
8.06311e-05
0.000130649
9.50715e-05
9.0899e-05
6.88034e-05
-0.000321642
7.32981e-05
8.68584e-05
9.34576e-05
5.8912e-05
8.02534e-05
7.32981e-05
-0.000299709
9.05195e-05
3.77443e-05
0.000100932
3.66412e-05
0.000114467
1.84638e-05
4.51303e-05
8.68584e-05
-0.000312249
4.61674e-05
0.000102864
1.37389e-05
7.02225e-05
8.78116e-05
9.05195e-05
-0.000307943
6.66153e-05
3.63577e-05
1.63987e-05
6.43701e-05
3.77443e-05
6.66153e-05
-0.00030814
0.000129909
0.000106793
0.000125143
3.16584e-05
2.12086e-05
0.000140907
0.000129909
-0.000370017
3.60397e-05
4.26415e-05
0.000117353
0.000105911
8.06311e-05
0.000106793
-0.000313633
1.44008e-05
0.000112708
3.64404e-05
0.000127613
0.000130649
4.61674e-05
-0.000362169
2.1447e-05
0.000163039
0.000107596
0.000126008
6.82466e-05
-0.000381711
7.97129e-05
6.89421e-05
5.18406e-05
6.93131e-05
6.19569e-05
-0.000298288
6.82386e-05
2.14442e-05
0.000163045
0.000107605
0.000126011
6.82386e-05
-0.00038172
9.59459e-05
6.89417e-05
5.18419e-05
8.55463e-05
4.36089e-05
-0.000303456
6.82394e-05
2.14444e-05
0.000163044
0.000107604
0.000126011
6.82394e-05
-0.000381719
2.14442e-05
0.000163045
0.000146645
0.000147363
3.60397e-05
-0.000399997
0.000120228
0.000151761
0.000115141
7.56728e-05
1.44008e-05
-0.000365834
