0
1
47
50
60
0
1
2
60
84
1
2
3
84
168
2
3
4
166
168
3
4
5
166
167
4
5
6
167
186
5
6
7
155
186
6
7
8
155
179
7
8
9
74
179
8
9
10
73
74
9
10
11
62
73
10
11
12
51
62
11
12
13
51
63
12
13
14
63
86
13
14
15
86
173
14
15
16
171
173
15
16
17
171
172
16
17
18
172
189
17
18
19
149
189
18
19
20
149
177
19
20
21
69
177
20
21
22
68
69
21
22
23
57
68
22
23
24
49
57
23
24
25
49
55
24
25
26
55
82
25
26
27
82
163
26
27
28
161
163
27
28
29
161
162
28
29
30
162
183
29
30
31
146
183
30
31
32
146
176
31
32
33
65
176
32
33
34
64
65
33
34
35
53
64
34
35
36
48
53
35
36
37
48
54
36
37
38
54
80
37
38
39
80
158
38
39
40
156
158
39
40
41
156
157
40
41
42
157
180
41
42
43
152
180
42
43
44
152
178
43
44
45
71
178
44
45
46
70
71
45
46
47
59
70
0
46
47
50
59
35
36
48
53
54
76
88
96
23
24
49
55
57
77
89
98
0
47
50
59
60
78
90
100
11
12
51
62
63
79
91
102
52
53
64
65
92
96
104
34
35
48
52
53
64
96
36
37
48
54
76
80
24
25
49
55
77
82
56
57
68
69
93
98
106
22
23
49
56
57
68
98
58
59
70
71
94
100
108
46
47
50
58
59
70
100
0
1
50
60
78
84
61
62
73
74
95
102
110
10
11
51
61
62
73
102
12
13
51
63
79
86
33
34
52
53
64
65
32
33
52
64
65
104
145
176
66
76
80
88
159
198
228
67
77
82
89
164
207
229
21
22
56
57
68
69
20
21
56
68
69
106
148
177
45
46
58
59
70
71
44
45
58
70
71
108
151
178
72
78
84
90
169
216
230
9
10
61
62
73
74
8
9
61
73
74
110
154
179
75
79
86
91
174
225
231
48
54
66
76
80
88
49
55
67
77
82
89
50
60
72
78
84
90
51
63
75
79
86
91
37
38
54
66
76
80
158
159
81
88
92
105
199
200
228
25
26
55
67
77
82
163
164
83
89
93
107
208
209
229
1
2
60
72
78
84
168
169
85
90
94
109
217
218
230
13
14
63
75
79
86
173
174
87
91
95
111
226
227
231
48
66
76
81
88
92
96
228
49
67
77
83
89
93
98
229
50
72
78
85
90
94
100
230
51
75
79
87
91
95
102
231
52
81
88
92
96
104
105
56
83
89
93
98
106
107
58
85
90
94
100
108
109
61
87
91
95
102
110
111
48
52
53
88
92
96
97
104
105
116
124
132
144
49
56
57
89
93
98
99
106
107
117
125
134
147
50
58
59
90
94
100
101
108
109
118
126
136
150
51
61
62
91
95
102
103
110
111
119
127
138
153
52
65
92
97
104
105
144
145
81
92
97
104
105
116
200
56
69
93
99
106
107
147
148
83
93
99
106
107
117
209
58
71
94
101
108
109
150
151
85
94
101
108
109
118
218
61
74
95
103
110
111
153
154
87
95
103
110
111
119
227
112
116
124
200
236
237
239
113
117
125
209
247
249
262
114
118
126
218
244
246
264
115
119
227
256
257
258
97
105
112
116
124
200
99
107
113
117
125
209
101
109
114
118
126
218
103
111
115
119
127
227
256
120
124
185
206
233
239
241
263
121
125
191
224
235
249
266
267
122
126
182
197
232
242
244
261
123
127
188
215
234
254
256
265
97
112
116
120
124
132
206
239
99
113
117
121
125
134
224
249
101
114
118
122
126
136
197
244
103
119
123
127
138
215
256
128
132
202
203
205
206
129
134
220
221
223
224
130
136
193
194
196
197
131
138
211
212
214
215
97
124
128
132
133
144
203
206
132
133
144
145
146
201
203
99
125
129
134
135
147
221
224
134
135
147
148
149
219
221
101
126
130
136
137
150
194
197
136
137
150
151
152
192
194
103
127
131
138
139
153
212
215
138
139
153
154
155
210
212
140
156
158
159
160
195
141
161
163
164
165
204
142
166
168
169
170
213
143
171
173
174
175
222
97
104
132
133
144
145
65
104
133
144
145
146
176
30
31
133
145
146
176
183
201
99
106
134
135
147
148
69
106
135
147
148
149
177
18
19
135
148
149
177
189
219
101
108
136
137
150
151
71
108
137
150
151
152
178
42
43
137
151
152
178
180
192
103
110
138
139
153
154
74
110
139
153
154
155
179
6
7
139
154
155
179
186
210
39
40
140
156
157
158
195
40
41
156
157
180
195
38
39
80
140
156
158
159
66
80
140
158
159
160
198
140
159
160
193
195
196
198
27
28
141
161
162
163
204
28
29
161
162
183
204
26
27
82
141
161
163
164
67
82
141
163
164
165
207
141
164
165
202
204
205
207
3
4
142
166
167
168
213
4
5
166
167
186
213
2
3
84
142
166
168
169
72
84
142
168
169
170
216
142
169
170
211
213
214
216
15
16
143
171
172
173
222
16
17
171
172
189
222
14
15
86
143
171
173
174
75
86
143
173
174
175
225
143
174
175
220
222
223
225
31
32
65
145
146
176
19
20
69
148
149
177
43
44
71
151
152
178
7
8
74
154
155
179
41
42
152
157
180
181
192
195
180
181
192
193
194
195
122
182
196
197
198
199
261
29
30
146
162
183
184
201
204
183
184
201
202
203
204
120
185
205
206
207
208
263
5
6
155
167
186
187
210
213
186
187
210
211
212
213
123
188
214
215
216
217
265
17
18
149
172
189
190
219
222
189
190
219
220
221
222
121
191
223
224
225
226
266
137
152
180
181
192
194
130
160
181
193
194
195
196
130
136
137
181
192
193
194
140
156
157
160
180
181
193
195
130
160
182
193
196
197
198
122
126
130
136
182
196
197
66
159
160
182
196
198
199
228
81
182
198
199
200
228
236
261
81
105
112
116
199
200
236
133
146
183
184
201
203
128
165
184
202
203
204
205
128
132
133
184
201
202
203
141
161
162
165
183
184
202
204
128
165
185
202
205
206
207
120
124
128
132
185
205
206
67
164
165
185
205
207
208
229
83
185
207
208
209
229
262
263
83
107
113
117
208
209
262
139
155
186
187
210
212
131
170
187
211
212
213
214
131
138
139
187
210
211
212
142
166
167
170
186
187
211
213
131
170
188
211
214
215
216
123
127
131
138
188
214
215
72
169
170
188
214
216
217
230
85
188
216
217
218
230
264
265
85
109
114
118
217
218
264
135
149
189
190
219
221
129
175
190
220
221
222
223
129
134
135
190
219
220
221
