0
5
10
15
20
25
30
35
40
45
50
55
60
65
70
75
80
85
90
95
100
105
110
115
120
125
130
135
140
145
150
155
160
165
170
175
180
185
190
195
200
205
210
215
220
225
230
235
240
248
256
264
272
279
286
292
298
305
312
319
326
332
339
346
352
358
366
373
380
386
394
400
408
415
421
429
436
442
448
454
460
468
475
483
490
498
505
513
520
528
536
544
552
559
566
573
580
586
593
599
606
612
619
625
632
640
647
655
662
670
677
685
692
699
706
713
719
725
731
737
744
752
760
768
776
784
792
800
807
813
819
825
831
839
846
854
861
869
876
884
891
897
903
909
915
921
928
936
942
949
957
963
970
978
984
991
999
1006
1012
1019
1026
1033
1040
1046
1053
1060
1067
1074
1080
1087
1094
1101
1108
1114
1121
1128
1135
1141
1147
1153
1159
1167
1173
1180
1188
1194
1201
1209
1215
1222
1230
1236
1243
1249
1256
1263
1271
1278
1285
1293
1301
1308
1314
1321
1328
1336
1343
1350
1358
1366
1373
1379
1386
1393
1401
1408
1415
1423
1431
1438
1444
1451
1458
1466
1473
1480
1488
1496
1503
1509
1515
1521
1527
1534
1541
1548
1555
1562
1569
1574
1581
1589
1595
1601
1609
1616
1623
1631
1638
1645
1652
1659
1666
1674
1680
1687
1695
1702
1710
1717
1724
1730
1736
1743
1749
1756
1762
1768
1774
